4, Wase edamame ,1,3,3,2,3,3,2,21,72,21.4 ,35.6 ,2.8 ,8.60 ,9.15 ,6.95
5, Kurobeei ,1,3,7,8,3,3,2,23,72,22.1 ,32.5 ,2.7 ,8.65 ,9.30 ,6.75
6, Fusanari chamame ,1,3,5,5,3,3,2,20,68,23.1 ,33.0 ,2.6 ,8.10 ,8.65 ,5.80
7, Chuse edamame ,2,7,1,1,5,4,2,20,68,24.0 ,27.1 ,2.6 ,8.20 ,9.20 ,6.95
8, Yuusuzumi ,1,3,3,5,1,3,3,27,78,22.5 ,34.0 ,2.5 ,8.50 ,9.00 ,7.35
10, Fuuki ,1,3,2,4,3,4,3,22,72, 24.4, 35.5, 2.7, 8.95, 9.55,7.40
11, Fukunari ,1,3,5,5,3,3,2,21,70, 28.2, 26.9, 2.7, 8.60, 9.45,6.10
12, Nouhime ,1,3,7,8,3,3,2,25,72, 26.7, 30.8, 2.8, 8.80, 9.50,7.30
13, Tanbaguro ootsubudaizu ,2,7,7,8,1,3,2,28,78, 29.0, 35.2, 2.5, 10.10,11.00,9.15
14, Fukura ,1,3,3,2,1,3,2,24,72, 27.1, 29.8, 2.6, 8.40, 8.95,7.40
15, Yuagari musume ,2,7,2,2,3,3,2,21,70, 26.5, 31.6, 2.5, 8.25, 8.65,6.65
16, Natsunoyosooi ,1,3,7,8,3,3,2,24,72, 24.5, 32.0, 2.6, 8.25, 8.80,6.75
17, Okuharawase ,2,7,2,4,1,3,2,22,72, 22.6, 30.5, 2.5, 9.05, 9.40,7.80
18, Mikawashima ,1,3,2,1,3,4,3,23,72, 20.0, 28.4, 2.3, 8.75, 9.75,6.95
19, Natsunokoe ,1,3,5,5,3,3,2,22,72, 23.4, 26.0, 2.5, 8.20, 8.65,6.50
20, Otsunahime ,1,3,3,4,1,4,3,24,76, 26.3, 31.3, 2.7, 8.00, 8.00,6.85
21, Natsunoshirabe ,2,7,6,5,3,3,2,24,72, 25.8, 29.9, 2.6, 8.45, 9.00,7.05
22, Shironomai ,2,7,2,1,1,3,2,28,78, 33.5, 35.0, 2.6, 8.65, 8.90,7.80




